// Anterior GRF (f_x) sigmoid_with_bump parameters
B = 25.974456748001113;
M = 0.7520304912335662;
m1 = 0.4470939749685837;
m2 = 0.43955467948725574;
c = 0.03350169202846608;


// Vertical GRF (f_y) logistic parameters
A = 1.1193681826492452;
K = -1.6038212670613377;
C = 3.037706815056258;
B = 61.29534891423534;
Q = 0.5067639996015457;
m = 0.9396455521564754;
v = 0.42306183726767493;


// Lateral GRF (f_z) logistic parameters
A = 1.1320519858489442;
K = -2.80801945666771;
C = 3.2237306408637867;
B = 55.194506993478576;
Q = 0.3923571148441916;
m = 0.7334108958330988;
v = 0.7682144104771099;


